  ['linear', [0.25, 0.5, 0.75]],
  ['step', [0, 0, 0]],
  ['in-sine', [0.07612046748871326, 0.2928932188134524, 0.6173165676349102]],
  ['out-sine', [0.3826834323650898, 0.7071067811865475, 0.9238795325112867]],
  ['in-out-sine', [0.1464466094067262, 0.49999999999999994, 0.8535533905932737]],
  ['in-quad', [0.0625, 0.25, 0.5625]],
  ['out-quad', [0.4375, 0.75, 0.9375]],
  ['in-out-quad', [0.125, 0.5, 0.875]],
  ['in-cubic', [0.015625, 0.125, 0.421875]],
  ['out-cubic', [0.578125, 0.875, 0.984375]],
  ['in-out-cubic', [0.0625, 0.5, 0.9375]],
  ['in-back', [-0.06413656250000001, -0.08769750000000004, 0.18259031249999969]],
  ['out-back', [0.8174096875000002, 1.0876975, 1.0641365625]],
  ['in-out-back', [-0.09968184375, 0.5, 1.09968184375]],
  ['in-elastic', [-0.005524271728019902, -0.015625000000000045, 0.08838834764831831]],
  ['out-elastic', [0.9116116523516816, 1.015625, 1.00552427172802]],
  ['in-out-elastic', [0.011969444423734044, 0.5, 0.988030555576266]],
  ['in-bounce', [0.02734375, 0.234375, 0.52734375]],
  ['out-bounce', [0.47265625, 0.765625, 0.97265625]],
  ['in-out-bounce', [0.1171875, 0.5, 0.8828125]],